function H_accIMU = H_accIMU(Vx,Vx_prev,Vy,Vy_prev,Vz,Vz_prev,dt,q1,q2,q3,q4)
%H_accIMU
%    H_accIMU = H_accIMU(Vx,Vx_prev,Vy,Vy_prev,Vz,Vz_prev,DT,Q1,Q2,Q3,Q4)

%    This function was generated by the Symbolic Math Toolbox version 9.2.
%    28-Mar-2023 18:27:42

t2 = q1.^2;
t3 = q2.^2;
t4 = q3.^2;
t5 = q1.*q2.*2.0;
t6 = q1.*q3.*2.0;
t7 = q1.*q4.*2.0;
t8 = q2.*q3.*2.0;
t9 = q2.*q4.*2.0;
t10 = q3.*q4.*2.0;
t11 = -Vx_prev;
t12 = -Vy_prev;
t13 = -Vz_prev;
t14 = 1.0./dt;
t15 = t2.*2.0;
t16 = t3.*2.0;
t17 = t4.*2.0;
t18 = Vx+t11;
t19 = Vy+t12;
t20 = Vz+t13;
t21 = q1.*t14.*t18.*2.0;
t22 = q2.*t14.*t18.*2.0;
t23 = q3.*t14.*t18.*2.0;
t24 = q4.*t14.*t18.*2.0;
t25 = q1.*t14.*t19.*2.0;
t26 = q2.*t14.*t19.*2.0;
t27 = q3.*t14.*t19.*2.0;
t28 = q4.*t14.*t19.*2.0;
t29 = q1.*t14.*t20.*2.0;
t30 = q2.*t14.*t20.*2.0;
t31 = q3.*t14.*t20.*2.0;
t32 = q4.*t14.*t20.*2.0;
H_accIMU = reshape([0.0,0.0,0.0,0.0,0.0,0.0,0.0,0.0,0.0,-t14.*(t16+t17-1.0),t14.*(t5-t10),t14.*(t6+t9),t14.*(t5+t10),-t14.*(t15+t17-1.0),-t14.*(t7-t8),t14.*(t6-t9),t14.*(t7+t8),-t14.*(t15+t16-1.0),t26+t31,t22+t32-q1.*t14.*t19.*4.0,t23-t28-q1.*t14.*t20.*4.0,t25-t32-q2.*t14.*t18.*4.0,t21+t31,t24+t27-q2.*t14.*t20.*4.0,t28+t29-q3.*t14.*t18.*4.0,-t24+t30-q3.*t14.*t19.*4.0,t21+t26,t27-t30,-t23+t29,t22-t25],[3,10]);
