function H_angIMU = H_angIMU(dt,q1,q2,q3,q4,q1_prev,q2_prev,q3_prev,q4_prev)
%H_angIMU
%    H_angIMU = H_angIMU(DT,Q1,Q2,Q3,Q4,Q1_PREV,Q2_PREV,Q3_PREV,Q4_PREV)

%    This function was generated by the Symbolic Math Toolbox version 9.2.
%    28-Mar-2023 18:27:42

t2 = 1.0./dt;
t3 = -q1_prev;
t4 = -q2_prev;
t5 = -q3_prev;
t6 = -q4_prev;
t7 = q1+t3;
t8 = q2+t4;
t9 = q3+t5;
t10 = q4+t6;
t11 = q1.*t2.*2.0;
t12 = q2.*t2.*2.0;
t13 = q3.*t2.*2.0;
t14 = q4.*t2.*2.0;
t15 = -t11;
t16 = -t12;
t17 = -t13;
t18 = t2.*t7.*2.0;
t19 = t2.*t8.*2.0;
t20 = t2.*t9.*2.0;
t21 = t2.*t10.*2.0;
t22 = -t21;
t23 = t15+t18;
t24 = t16+t19;
t25 = t17+t20;
t26 = t14+t22;
H_angIMU = reshape([0.0,0.0,0.0,0.0,0.0,0.0,0.0,0.0,0.0,0.0,0.0,0.0,0.0,0.0,0.0,0.0,0.0,0.0,t26,t25,t12-t19,t13-t20,t26,t23,t24,t11-t18,t26,t23,t24,t25],[3,10]);
